Eixo  0.99747497 170 472 270 574
Eixo  0.9930165 356 471 468 574
Eixo  0.9898908 1689 501 1782 587
Eixo  0.9865775 1323 499 1414 579
Eixo  0.99747497 170 472 270 574
Eixo  0.9930165 356 471 468 574
Eixo  0.9898908 1689 501 1782 587
Eixo  0.9865775 1323 499 1414 579
Eixo  0.9974342 170 472 270 574
Eixo  0.99303985 356 471 468 574
Eixo  0.9897968 1689 500 1783 587
Eixo  0.9865955 1323 499 1414 579
Eixo  0.9974342 170 472 270 574
Eixo  0.99303985 356 471 468 574
Eixo  0.9897968 1689 500 1783 587
Eixo  0.9865955 1323 499 1414 579
