Eixo  0.9999989 721 536 869 684
Eixo  0.9999956 518 536 666 684
Eixo  0.99999475 1406 536 1554 684
Eixo  0.9999995 721 536 869 684
Eixo  0.99999726 1406 536 1554 684
Eixo  0.99998903 536 536 684 684
Eixo  0.9999995 721 536 869 684
Eixo  0.99999726 1406 536 1554 684
Eixo  0.99998903 536 536 684 684
Eixo  0.9999995 721 536 869 684
Eixo  0.99999726 1406 536 1554 684
Eixo  0.99998903 536 536 684 684
Eixo  0.9999995 721 536 869 684
Eixo  0.99999726 1406 536 1554 684
Eixo  0.99998903 536 536 684 684
Eixo  0.9999995 721 536 869 684
Eixo  0.99999726 1406 536 1554 684
Eixo  0.99998903 536 536 684 684
Eixo  1.0 721 536 869 684
Eixo  1.0 1406 536 1554 684
Eixo  0.9999999 536 536 684 684
Eixo  1.0 721 536 869 684
Eixo  1.0 1406 536 1554 684
Eixo  0.9999999 536 536 684 684
Eixo  1.0 721 536 869 684
Eixo  1.0 1406 536 1554 684
Eixo  0.9999999 536 536 684 684
Eixo  1.0 721 536 869 684
Eixo  1.0 1406 536 1554 684
Eixo  0.9999999 536 536 684 684
