Eixo  0.9999994 850 601 995 746
Eixo  0.9999988 1535 601 1701 746
Eixo  0.9999963 663 601 829 746
Eixo  1.0 850 601 995 746
Eixo  0.9999989 1535 601 1701 746
Eixo  0.99989915 663 601 829 746
Eixo  1.0 850 601 995 746
Eixo  0.9999989 1535 601 1701 746
Eixo  0.99989915 663 601 829 746
Eixo  1.0 850 601 995 746
Eixo  0.9999989 1535 601 1701 746
Eixo  0.99989915 663 601 829 746
Eixo  0.9999993 850 601 995 746
Eixo  0.99999714 1535 601 1701 746
Eixo  0.99986255 684 601 829 746
Eixo  0.9999993 850 601 995 746
Eixo  0.99999714 1535 601 1701 746
Eixo  0.99986255 684 601 829 746
