Eixo  0.99999976 871 601 1016 746
Eixo  0.9999844 1576 601 1742 746
Eixo  0.99998343 705 601 850 746
Eixo  0.9999999 684 601 829 746
Eixo  0.99999464 1556 601 1721 746
Eixo  0.9999913 871 601 1016 746
Eixo  0.9999999 684 601 829 746
Eixo  0.99999464 1556 601 1721 746
Eixo  0.9999913 871 601 1016 746
Eixo  0.9999999 684 601 829 746
Eixo  0.99999464 1556 601 1721 746
Eixo  0.9999913 871 601 1016 746
Eixo  0.9999901 705 601 850 746
Eixo  0.9999887 1576 601 1742 746
Eixo  0.99997735 871 601 1016 746
Eixo  0.9999901 705 601 850 746
Eixo  0.9999887 1576 601 1742 746
Eixo  0.99997735 871 601 1016 746
