Eixo  0.99999666 95 476 190 572
Eixo  0.9999604 572 460 683 572
Eixo  0.99984133 1080 476 1191 588
Eixo  0.99976975 317 460 429 572
Eixo  0.9993104 1605 460 1732 572
Eixo  0.99856263 1223 476 1335 588
Eixo  0.9999963 572 460 683 572
Eixo  0.999977 1605 460 1732 588
Eixo  0.9999751 1223 476 1335 588
Eixo  0.9999697 95 476 190 572
Eixo  0.9999685 1080 476 1191 572
Eixo  0.9999645 317 476 429 572
Eixo  0.9999963 572 460 683 572
Eixo  0.999977 1605 460 1732 588
Eixo  0.9999751 1223 476 1335 588
Eixo  0.9999697 95 476 190 572
Eixo  0.9999685 1080 476 1191 572
Eixo  0.9999645 317 476 429 572
Eixo  0.9999963 572 460 683 572
Eixo  0.999977 1605 460 1732 588
Eixo  0.9999751 1223 476 1335 588
Eixo  0.9999697 95 476 190 572
Eixo  0.9999685 1080 476 1191 572
Eixo  0.9999645 317 476 429 572
Eixo  0.99999964 1605 460 1732 588
Eixo  0.9999993 572 460 683 572
Eixo  0.99999785 95 476 190 572
Eixo  0.99999475 1080 476 1191 588
Eixo  0.99999034 333 476 445 572
Eixo  0.9999522 1207 476 1319 588
Eixo  0.97772616 1509 476 1589 572
Eixo  0.84419775 1827 397 1907 476
Eixo  0.99999964 1605 460 1732 588
Eixo  0.9999993 572 460 683 572
Eixo  0.99999785 95 476 190 572
Eixo  0.99999475 1080 476 1191 588
Eixo  0.99999034 333 476 445 572
Eixo  0.9999522 1207 476 1319 588
Eixo  0.97772616 1509 476 1589 572
Eixo  0.84419775 1827 397 1907 476
Eixo  0.99999964 1605 460 1732 588
Eixo  0.9999993 572 460 683 572
Eixo  0.99999785 95 476 190 572
Eixo  0.99999475 1080 476 1191 588
Eixo  0.99999034 333 476 445 572
Eixo  0.9999522 1207 476 1319 588
Eixo  0.97772616 1509 476 1589 572
Eixo  0.84419775 1827 397 1907 476
Eixo  0.99999964 1605 460 1732 588
Eixo  0.9999993 572 460 683 572
Eixo  0.99999785 95 476 190 572
Eixo  0.99999475 1080 476 1191 588
Eixo  0.99999034 333 476 445 572
Eixo  0.9999522 1207 476 1319 588
Eixo  0.97772616 1509 476 1589 572
Eixo  0.84419775 1827 397 1907 476
