Eixo  0.999992 238 460 349 572
Eixo  0.99998665 1064 460 1176 588
Eixo  0.9999838 0 460 111 572
Eixo  0.99991536 476 460 588 572
Eixo  0.9997814 1207 460 1335 588
Eixo  0.9869077 1637 460 1748 588
Eixo  0.9999999 476 460 588 572
Eixo  0.99999976 238 460 349 572
Eixo  0.9999957 1207 460 1319 572
Eixo  0.9999461 1621 460 1732 572
Eixo  0.9998884 0 460 111 572
Eixo  0.9998429 1064 460 1176 572
Eixo  0.80090886 715 460 794 556
Eixo  0.9999999 476 460 588 572
Eixo  0.99999976 238 460 349 572
Eixo  0.9999957 1207 460 1319 572
Eixo  0.9999461 1621 460 1732 572
Eixo  0.9998884 0 460 111 572
Eixo  0.9998429 1064 460 1176 572
Eixo  0.80090886 715 460 794 556
Eixo  0.9999999 476 460 588 572
Eixo  0.99999976 238 460 349 572
Eixo  0.9999957 1207 460 1319 572
Eixo  0.9999461 1621 460 1732 572
Eixo  0.9998884 0 460 111 572
Eixo  0.9998429 1064 460 1176 572
Eixo  0.80090886 715 460 794 556
Eixo  1.0 0 460 111 572
Eixo  1.0 476 460 588 572
Eixo  0.99999976 1207 460 1335 572
Eixo  0.99999964 238 460 349 572
Eixo  0.9999981 1064 460 1176 588
Eixo  0.99718934 715 460 794 556
Eixo  0.9969501 1621 460 1748 572
Eixo  0.93564945 1827 397 1907 476
Eixo  0.9004833 1525 476 1589 556
Eixo  1.0 0 460 111 572
Eixo  1.0 476 460 588 572
Eixo  0.99999976 1207 460 1335 572
Eixo  0.99999964 238 460 349 572
Eixo  0.9999981 1064 460 1176 588
Eixo  0.99718934 715 460 794 556
Eixo  0.9969501 1621 460 1748 572
Eixo  0.93564945 1827 397 1907 476
Eixo  0.9004833 1525 476 1589 556
Eixo  1.0 0 460 111 572
Eixo  1.0 476 460 588 572
Eixo  0.99999976 1207 460 1335 572
Eixo  0.99999964 238 460 349 572
Eixo  0.9999981 1064 460 1176 588
Eixo  0.99718934 715 460 794 556
Eixo  0.9969501 1621 460 1748 572
Eixo  0.93564945 1827 397 1907 476
Eixo  0.9004833 1525 476 1589 556
Eixo  1.0 0 460 111 572
Eixo  1.0 476 460 588 572
Eixo  0.99999976 1207 460 1335 572
Eixo  0.99999964 238 460 349 572
Eixo  0.9999981 1064 460 1176 588
Eixo  0.99718934 715 460 794 556
Eixo  0.9969501 1621 460 1748 572
Eixo  0.93564945 1827 397 1907 476
Eixo  0.9004833 1525 476 1589 556
