Eixo  0.99998057 1652 492 1748 588
Eixo  0.99965644 1176 492 1255 572
Eixo  0.9999734 1176 492 1255 588
Eixo  0.99970835 1652 492 1748 588
Eixo  0.9999734 1176 492 1255 588
Eixo  0.99970835 1652 492 1748 588
Eixo  0.9999734 1176 492 1255 588
Eixo  0.99970835 1652 492 1748 588
Eixo  0.99998915 1652 492 1748 588
Eixo  0.99998486 1176 492 1255 588
Eixo  0.9366665 1811 365 1907 476
Eixo  0.8161233 1557 508 1605 572
Eixo  0.99998915 1652 492 1748 588
Eixo  0.99998486 1176 492 1255 588
Eixo  0.9366665 1811 365 1907 476
Eixo  0.8161233 1557 508 1605 572
Eixo  0.99998915 1652 492 1748 588
Eixo  0.99998486 1176 492 1255 588
Eixo  0.9366665 1811 365 1907 476
Eixo  0.8161233 1557 508 1605 572
Eixo  0.99998915 1652 492 1748 588
Eixo  0.99998486 1176 492 1255 588
Eixo  0.9366665 1811 365 1907 476
Eixo  0.8161233 1557 508 1605 572
