Eixo  0.9999982 995 643 1099 746
Eixo  0.9999846 1597 643 1701 746
Eixo  0.99999917 975 643 1078 767
Eixo  0.9999937 1597 643 1701 746
Eixo  0.99999917 975 643 1078 767
Eixo  0.9999937 1597 643 1701 746
Eixo  0.99999917 975 643 1078 767
Eixo  0.9999937 1597 643 1701 746
Eixo  0.99999976 1597 622 1701 726
Eixo  0.99999905 975 643 1099 746
Eixo  0.99999976 1597 622 1701 726
Eixo  0.99999905 975 643 1099 746
Eixo  0.99999976 1597 622 1701 726
Eixo  0.99999905 975 643 1099 746
Eixo  0.99999976 1597 622 1701 726
Eixo  0.99999905 975 643 1099 746
