Eixo  0.99999964 829 601 975 746
Eixo  0.9999994 643 601 788 746
Eixo  0.99998665 1576 601 1721 746
Eixo  0.9999975 829 601 975 746
Eixo  0.99999416 1576 601 1721 746
Eixo  0.9999794 643 601 788 746
Eixo  0.9999975 829 601 975 746
Eixo  0.99999416 1576 601 1721 746
Eixo  0.9999794 643 601 788 746
Eixo  0.9999975 829 601 975 746
Eixo  0.99999416 1576 601 1721 746
Eixo  0.9999794 643 601 788 746
Eixo  1.0 829 601 975 746
Eixo  0.9999999 643 601 788 746
Eixo  0.9999999 1576 601 1721 746
Eixo  0.89988446 1473 643 1556 726
Eixo  0.874497 1763 643 1867 746
Eixo  1.0 829 601 975 746
Eixo  0.9999999 643 601 788 746
Eixo  0.9999999 1576 601 1721 746
Eixo  0.89988446 1473 643 1556 726
Eixo  0.874497 1763 643 1867 746
Eixo  1.0 829 601 975 746
Eixo  0.9999999 643 601 788 746
Eixo  0.9999999 1576 601 1721 746
Eixo  0.89988446 1473 643 1556 726
Eixo  0.874497 1763 643 1867 746
Eixo  1.0 829 601 975 746
Eixo  0.9999999 643 601 788 746
Eixo  0.9999999 1576 601 1721 746
Eixo  0.89988446 1473 643 1556 726
Eixo  0.874497 1763 643 1867 746
