Eixo  0.99998665 1319 492 1398 588
Eixo  0.99996805 174 476 286 572
Eixo  0.9997454 365 460 476 556
Eixo  0.98578393 1700 508 1780 603
Eixo  0.9999883 1319 492 1414 588
Eixo  0.9999715 365 460 476 572
Eixo  0.99993205 174 460 286 572
Eixo  0.99555475 1684 492 1764 588
Eixo  0.9999883 1319 492 1414 588
Eixo  0.9999715 365 460 476 572
Eixo  0.99993205 174 460 286 572
Eixo  0.99555475 1684 492 1764 588
Eixo  0.9999883 1319 492 1414 588
Eixo  0.9999715 365 460 476 572
Eixo  0.99993205 174 460 286 572
Eixo  0.99555475 1684 492 1764 588
Eixo  0.99999917 174 460 286 572
Eixo  0.9999981 1319 492 1414 588
Eixo  0.99994755 365 460 476 572
Eixo  0.9998234 1700 492 1780 572
Eixo  0.9721395 15 476 95 556
Eixo  0.99999917 174 460 286 572
Eixo  0.9999981 1319 492 1414 588
Eixo  0.99994755 365 460 476 572
Eixo  0.9998234 1700 492 1780 572
Eixo  0.9721395 15 476 95 556
Eixo  0.99999917 174 460 286 572
Eixo  0.9999981 1319 492 1414 588
Eixo  0.99994755 365 460 476 572
Eixo  0.9998234 1700 492 1780 572
Eixo  0.9721395 15 476 95 556
Eixo  0.99999917 174 460 286 572
Eixo  0.9999981 1319 492 1414 588
Eixo  0.99994755 365 460 476 572
Eixo  0.9998234 1700 492 1780 572
Eixo  0.9721395 15 476 95 556
