Eixo  0.99999964 1425 592 1536 684
Eixo  0.9999126 869 573 980 684
Eixo  0.99999833 1425 573 1536 684
Eixo  0.99994063 869 573 980 684
Eixo  0.99999833 1425 573 1536 684
Eixo  0.99994063 869 573 980 684
Eixo  0.99999833 1425 573 1536 684
Eixo  0.99994063 869 573 980 684
Eixo  1.0 1425 573 1536 684
Eixo  0.99999917 869 573 980 684
Eixo  1.0 1425 573 1536 684
Eixo  0.99999917 869 573 980 684
Eixo  1.0 1425 573 1536 684
Eixo  0.99999917 869 573 980 684
Eixo  1.0 1425 573 1536 684
Eixo  0.99999917 869 573 980 684
