Eixo  0.99999905 871 601 1016 746
Eixo  0.9999975 705 601 850 746
Eixo  0.99999607 1556 601 1721 746
Eixo  0.9999993 871 601 1037 746
Eixo  0.9999964 1556 601 1721 746
Eixo  0.9999747 705 580 850 746
Eixo  0.9999993 871 601 1037 746
Eixo  0.9999964 1556 601 1721 746
Eixo  0.9999747 705 580 850 746
Eixo  0.9999993 871 601 1037 746
Eixo  0.9999964 1556 601 1721 746
Eixo  0.9999747 705 580 850 746
Eixo  0.9999989 1556 601 1721 746
Eixo  0.99999833 871 601 1037 746
Eixo  0.99996424 705 601 850 746
Eixo  0.9999989 1556 601 1721 746
Eixo  0.99999833 871 601 1037 746
Eixo  0.99996424 705 601 850 746
