Eixo  0.99999976 1576 601 1721 746
Eixo  0.99993944 871 601 1037 746
Eixo  1.0 871 601 1037 746
Eixo  0.9999982 1576 601 1721 746
Eixo  0.97662884 1452 601 1556 726
Eixo  1.0 871 601 1037 746
Eixo  0.9999982 1576 601 1721 746
Eixo  0.97662884 1452 601 1556 726
Eixo  1.0 871 601 1037 746
Eixo  0.9999982 1576 601 1721 746
Eixo  0.97662884 1452 601 1556 726
Eixo  1.0 1576 601 1721 746
Eixo  0.99999833 871 601 1016 746
Eixo  0.9941467 1452 601 1576 726
Eixo  0.9332834 746 601 829 726
Eixo  0.9024364 1576 352 1680 497
Eixo  1.0 1576 601 1721 746
Eixo  0.99999833 871 601 1016 746
Eixo  0.9941467 1452 601 1576 726
Eixo  0.9332834 746 601 829 726
Eixo  0.9024364 1576 352 1680 497
Eixo  1.0 1576 601 1721 746
Eixo  0.99999833 871 601 1016 746
Eixo  0.9941467 1452 601 1576 726
Eixo  0.9332834 746 601 829 726
Eixo  0.9024364 1576 352 1680 497
Eixo  1.0 1576 601 1721 746
Eixo  0.99999833 871 601 1016 746
Eixo  0.9941467 1452 601 1576 726
Eixo  0.9332834 746 601 829 726
Eixo  0.9024364 1576 352 1680 497
