Eixo  0.99998534 953 460 1064 572
Eixo  0.99990237 1080 476 1191 588
Eixo  0.9996264 1637 476 1748 588
Eixo  0.99999833 953 460 1064 572
Eixo  0.99999356 1080 476 1191 588
Eixo  0.9999186 1621 476 1732 588
Eixo  0.99999833 953 460 1064 572
Eixo  0.99999356 1080 476 1191 588
Eixo  0.9999186 1621 476 1732 588
Eixo  0.99999833 953 460 1064 572
Eixo  0.99999356 1080 476 1191 588
Eixo  0.9999186 1621 476 1732 588
Eixo  0.999998 953 460 1064 572
Eixo  0.9999957 1621 476 1748 588
Eixo  0.9999919 1080 476 1191 588
Eixo  0.999998 953 460 1064 572
Eixo  0.9999957 1621 476 1748 588
Eixo  0.9999919 1080 476 1191 588
