Eixo  0.9999995 539 601 705 746
Eixo  0.9999989 1556 601 1701 746
Eixo  0.9999889 705 601 871 746
Eixo  0.9999982 726 601 892 746
Eixo  0.9999976 539 601 705 746
Eixo  0.99982244 1556 601 1701 746
Eixo  0.9999982 726 601 892 746
Eixo  0.9999976 539 601 705 746
Eixo  0.99982244 1556 601 1701 746
Eixo  0.9999982 726 601 892 746
Eixo  0.9999976 539 601 705 746
Eixo  0.99982244 1556 601 1701 746
Eixo  0.9999974 539 601 705 746
Eixo  0.9998092 726 601 892 746
Eixo  0.99882823 1556 601 1721 746
Eixo  0.9999974 539 601 705 746
Eixo  0.9998092 726 601 892 746
Eixo  0.99882823 1556 601 1721 746
