Eixo  0.99997354 1478 476 1589 588
Eixo  0.99997056 365 460 476 572
Eixo  0.9999285 492 460 603 572
Eixo  0.99987686 254 460 365 572
Eixo  0.9996513 1191 476 1303 588
Eixo  0.9995092 1319 476 1430 588
Eixo  0.9954377 1732 476 1859 588
Eixo  0.9999982 365 460 476 572
Eixo  0.999998 1478 476 1589 588
Eixo  0.9999943 1319 460 1430 572
Eixo  0.999979 1732 476 1859 588
Eixo  0.999977 492 460 603 572
Eixo  0.99997234 1176 460 1303 572
Eixo  0.9999628 254 460 365 572
Eixo  0.9999982 365 460 476 572
Eixo  0.999998 1478 476 1589 588
Eixo  0.9999943 1319 460 1430 572
Eixo  0.999979 1732 476 1859 588
Eixo  0.999977 492 460 603 572
Eixo  0.99997234 1176 460 1303 572
Eixo  0.9999628 254 460 365 572
Eixo  0.9999982 365 460 476 572
Eixo  0.999998 1478 476 1589 588
Eixo  0.9999943 1319 460 1430 572
Eixo  0.999979 1732 476 1859 588
Eixo  0.999977 492 460 603 572
Eixo  0.99997234 1176 460 1303 572
Eixo  0.9999628 254 460 365 572
Eixo  0.99999976 365 460 476 572
Eixo  0.9999995 1478 476 1589 588
Eixo  0.9999974 1319 460 1446 572
Eixo  0.9999914 1176 460 1303 572
Eixo  0.9999846 254 460 365 572
Eixo  0.99993837 492 460 603 572
Eixo  0.999801 1748 476 1875 588
Eixo  0.99999976 365 460 476 572
Eixo  0.9999995 1478 476 1589 588
Eixo  0.9999974 1319 460 1446 572
Eixo  0.9999914 1176 460 1303 572
Eixo  0.9999846 254 460 365 572
Eixo  0.99993837 492 460 603 572
Eixo  0.999801 1748 476 1875 588
Eixo  0.99999976 365 460 476 572
Eixo  0.9999995 1478 476 1589 588
Eixo  0.9999974 1319 460 1446 572
Eixo  0.9999914 1176 460 1303 572
Eixo  0.9999846 254 460 365 572
Eixo  0.99993837 492 460 603 572
Eixo  0.999801 1748 476 1875 588
Eixo  0.99999976 365 460 476 572
Eixo  0.9999995 1478 476 1589 588
Eixo  0.9999974 1319 460 1446 572
Eixo  0.9999914 1176 460 1303 572
Eixo  0.9999846 254 460 365 572
Eixo  0.99993837 492 460 603 572
Eixo  0.999801 1748 476 1875 588
