Eixo  0.9999906 643 601 788 746
Eixo  0.999987 1556 601 1721 746
Eixo  0.9994904 809 601 954 746
Eixo  0.9653683 1161 601 1265 746
Eixo  0.99999917 809 601 954 746
Eixo  0.99999726 643 601 788 746
Eixo  0.9999497 1556 601 1721 746
Eixo  0.9839332 1141 601 1265 746
Eixo  0.9626403 1348 622 1473 726
Eixo  0.99999917 809 601 954 746
Eixo  0.99999726 643 601 788 746
Eixo  0.9999497 1556 601 1721 746
Eixo  0.9839332 1141 601 1265 746
Eixo  0.9626403 1348 622 1473 726
Eixo  0.99999917 809 601 954 746
Eixo  0.99999726 643 601 788 746
Eixo  0.9999497 1556 601 1721 746
Eixo  0.9839332 1141 601 1265 746
Eixo  0.9626403 1348 622 1473 726
Eixo  1.0 809 601 954 746
Eixo  0.9999999 643 601 788 746
Eixo  0.9999993 1556 601 1701 746
Eixo  0.99864453 1141 601 1265 746
Eixo  0.99772507 1410 601 1535 726
Eixo  0.98749906 1348 622 1473 726
Eixo  1.0 809 601 954 746
Eixo  0.9999999 643 601 788 746
Eixo  0.9999993 1556 601 1701 746
Eixo  0.99864453 1141 601 1265 746
Eixo  0.99772507 1410 601 1535 726
Eixo  0.98749906 1348 622 1473 726
Eixo  1.0 809 601 954 746
Eixo  0.9999999 643 601 788 746
Eixo  0.9999993 1556 601 1701 746
Eixo  0.99864453 1141 601 1265 746
Eixo  0.99772507 1410 601 1535 726
Eixo  0.98749906 1348 622 1473 726
Eixo  1.0 809 601 954 746
Eixo  0.9999999 643 601 788 746
Eixo  0.9999993 1556 601 1701 746
Eixo  0.99864453 1141 601 1265 746
Eixo  0.99772507 1410 601 1535 726
Eixo  0.98749906 1348 622 1473 726
