Eixo  0.99999964 1597 622 1721 746
Eixo  0.9999994 975 622 1099 746
Eixo  0.99998784 975 622 1099 746
Eixo  0.9997638 1597 622 1721 746
Eixo  0.99998784 975 622 1099 746
Eixo  0.9997638 1597 622 1721 746
Eixo  0.99998784 975 622 1099 746
Eixo  0.9997638 1597 622 1721 746
Eixo  1.0 975 622 1099 746
Eixo  0.99999523 1597 622 1721 746
Eixo  1.0 975 622 1099 746
Eixo  0.99999523 1597 622 1721 746
Eixo  1.0 975 622 1099 746
Eixo  0.99999523 1597 622 1721 746
Eixo  1.0 975 622 1099 746
Eixo  0.99999523 1597 622 1721 746
