Eixo  0.99999917 540 460 651 572
Eixo  0.99999845 413 460 524 572
Eixo  0.999992 667 460 778 572
Eixo  0.9997832 1160 460 1271 572
Eixo  0.99857163 1621 476 1748 588
Eixo  0.9981997 1017 445 1128 572
Eixo  0.9999999 413 460 524 572
Eixo  0.9999999 540 460 667 572
Eixo  0.99999976 667 460 794 572
Eixo  0.99995863 1160 460 1271 572
Eixo  0.99994385 1017 460 1128 572
Eixo  0.9984296 1621 476 1748 588
Eixo  0.91389245 1319 508 1382 572
Eixo  0.9999999 413 460 524 572
Eixo  0.9999999 540 460 667 572
Eixo  0.99999976 667 460 794 572
Eixo  0.99995863 1160 460 1271 572
Eixo  0.99994385 1017 460 1128 572
Eixo  0.9984296 1621 476 1748 588
Eixo  0.91389245 1319 508 1382 572
Eixo  0.9999999 413 460 524 572
Eixo  0.9999999 540 460 667 572
Eixo  0.99999976 667 460 794 572
Eixo  0.99995863 1160 460 1271 572
Eixo  0.99994385 1017 460 1128 572
Eixo  0.9984296 1621 476 1748 588
Eixo  0.91389245 1319 508 1382 572
Eixo  0.9999989 1017 460 1144 572
Eixo  0.9999968 540 460 667 572
Eixo  0.9999962 1160 460 1287 572
Eixo  0.99999416 667 460 778 572
Eixo  0.999992 413 460 524 572
Eixo  0.9994504 1637 476 1748 603
Eixo  0.98028356 1319 508 1382 572
Eixo  0.9999989 1017 460 1144 572
Eixo  0.9999968 540 460 667 572
Eixo  0.9999962 1160 460 1287 572
Eixo  0.99999416 667 460 778 572
Eixo  0.999992 413 460 524 572
Eixo  0.9994504 1637 476 1748 603
Eixo  0.98028356 1319 508 1382 572
