Eixo  0.99999225 953 476 1064 588
Eixo  0.99999106 1478 476 1589 588
Eixo  0.99998343 810 460 921 572
Eixo  0.99999976 953 476 1064 588
Eixo  0.9999995 810 460 921 572
Eixo  0.99997354 1478 476 1589 588
Eixo  0.9694272 1382 476 1462 572
Eixo  0.99999976 953 476 1064 588
Eixo  0.9999995 810 460 921 572
Eixo  0.99997354 1478 476 1589 588
Eixo  0.9694272 1382 476 1462 572
Eixo  0.99999976 953 476 1064 588
Eixo  0.9999995 810 460 921 572
Eixo  0.99997354 1478 476 1589 588
Eixo  0.9694272 1382 476 1462 572
Eixo  0.9999999 1478 460 1589 572
Eixo  0.9999993 810 460 921 588
Eixo  0.99997485 953 476 1064 588
Eixo  0.99660766 1398 492 1462 572
Eixo  0.9878862 1287 492 1366 572
Eixo  0.9251879 1811 365 1907 476
Eixo  0.9999999 1478 460 1589 572
Eixo  0.9999993 810 460 921 588
Eixo  0.99997485 953 476 1064 588
Eixo  0.99660766 1398 492 1462 572
Eixo  0.9878862 1287 492 1366 572
Eixo  0.9251879 1811 365 1907 476
Eixo  0.9999999 1478 460 1589 572
Eixo  0.9999993 810 460 921 588
Eixo  0.99997485 953 476 1064 588
Eixo  0.99660766 1398 492 1462 572
Eixo  0.9878862 1287 492 1366 572
Eixo  0.9251879 1811 365 1907 476
Eixo  0.9999999 1478 460 1589 572
Eixo  0.9999993 810 460 921 588
Eixo  0.99997485 953 476 1064 588
Eixo  0.99660766 1398 492 1462 572
Eixo  0.9878862 1287 492 1366 572
Eixo  0.9251879 1811 365 1907 476
