Eixo  0.9999995 663 601 829 746
Eixo  0.9999881 829 601 975 746
Eixo  0.99998534 1576 601 1721 746
Eixo  0.9999995 643 601 809 746
Eixo  0.99999714 829 601 975 746
Eixo  0.9999813 1576 601 1721 746
Eixo  0.9693347 290 601 435 726
Eixo  0.9999995 643 601 809 746
Eixo  0.99999714 829 601 975 746
Eixo  0.9999813 1576 601 1721 746
Eixo  0.9693347 290 601 435 726
Eixo  0.9999995 643 601 809 746
Eixo  0.99999714 829 601 975 746
Eixo  0.9999813 1576 601 1721 746
Eixo  0.9693347 290 601 435 726
Eixo  0.99999833 663 601 829 746
Eixo  0.9999962 829 601 975 746
Eixo  0.99999344 1576 601 1721 746
Eixo  0.8978063 290 601 414 726
Eixo  0.99999833 663 601 829 746
Eixo  0.9999962 829 601 975 746
Eixo  0.99999344 1576 601 1721 746
Eixo  0.8978063 290 601 414 726
