Eixo  0.99999976 352 601 497 746
Eixo  0.99999976 1556 601 1701 746
Eixo  0.99999833 518 601 684 746
Eixo  1.0 352 601 497 746
Eixo  1.0 518 601 684 746
Eixo  0.99996436 1556 601 1701 746
Eixo  1.0 352 601 497 746
Eixo  1.0 518 601 684 746
Eixo  0.99996436 1556 601 1701 746
Eixo  1.0 352 601 497 746
Eixo  1.0 518 601 684 746
Eixo  0.99996436 1556 601 1701 746
Eixo  1.0 518 601 684 746
Eixo  0.99999976 1556 601 1721 746
Eixo  0.99999964 352 601 497 746
Eixo  1.0 518 601 684 746
Eixo  0.99999976 1556 601 1721 746
Eixo  0.99999964 352 601 497 746
Eixo  1.0 518 601 684 746
Eixo  0.99999976 1556 601 1721 746
Eixo  0.99999964 352 601 497 746
Eixo  1.0 518 601 684 746
Eixo  0.99999976 1556 601 1721 746
Eixo  0.99999964 352 601 497 746
