Eixo  0.9830567 933 622 1058 767
Eixo  0.9379075 1618 601 1742 746
Eixo  0.99926513 933 601 1078 746
Eixo  0.9987778 1618 601 1742 746
Eixo  0.99926513 933 601 1078 746
Eixo  0.9987778 1618 601 1742 746
Eixo  0.99926513 933 601 1078 746
Eixo  0.9987778 1618 601 1742 746
Eixo  0.99999964 1618 601 1742 746
Eixo  0.99996126 933 622 1058 767
Eixo  0.9390373 1514 601 1597 726
Eixo  0.99999964 1618 601 1742 746
Eixo  0.99996126 933 622 1058 767
Eixo  0.9390373 1514 601 1597 726
Eixo  0.99999964 1618 601 1742 746
Eixo  0.99996126 933 622 1058 767
Eixo  0.9390373 1514 601 1597 726
Eixo  0.99999964 1618 601 1742 746
Eixo  0.99996126 933 622 1058 767
Eixo  0.9390373 1514 601 1597 726
