Eixo  1.0 1443 573 1554 684
Eixo  0.99988484 999 573 1110 684
Eixo  0.9999995 999 573 1110 684
Eixo  0.99999595 1443 573 1554 684
Eixo  0.9999995 999 573 1110 684
Eixo  0.99999595 1443 573 1554 684
Eixo  0.9999995 999 573 1110 684
Eixo  0.99999595 1443 573 1554 684
Eixo  0.9999995 999 573 1110 684
Eixo  0.99999595 1443 573 1554 684
Eixo  0.9999995 999 573 1110 684
Eixo  0.99999595 1443 573 1554 684
Eixo  1.0 999 573 1110 684
Eixo  1.0 1443 573 1554 684
Eixo  0.99831223 1184 592 1258 684
Eixo  0.99504024 1332 592 1388 666
Eixo  0.84264535 888 592 962 666
Eixo  1.0 999 573 1110 684
Eixo  1.0 1443 573 1554 684
Eixo  0.99831223 1184 592 1258 684
Eixo  0.99504024 1332 592 1388 666
Eixo  0.84264535 888 592 962 666
Eixo  1.0 999 573 1110 684
Eixo  1.0 1443 573 1554 684
Eixo  0.99831223 1184 592 1258 684
Eixo  0.99504024 1332 592 1388 666
Eixo  0.84264535 888 592 962 666
Eixo  1.0 999 573 1110 684
Eixo  1.0 1443 573 1554 684
Eixo  0.99831223 1184 592 1258 684
Eixo  0.99504024 1332 592 1388 666
Eixo  0.84264535 888 592 962 666
