Eixo  0.99973065 1048 476 1144 588
Eixo  0.9896876 1684 476 1780 588
Eixo  0.9999876 1048 476 1160 588
Eixo  0.9979146 1684 476 1780 588
Eixo  0.9999876 1048 476 1160 588
Eixo  0.9979146 1684 476 1780 588
Eixo  0.9999876 1048 476 1160 588
Eixo  0.9979146 1684 476 1780 588
Eixo  0.9999999 1048 476 1160 572
Eixo  0.99953055 1462 492 1541 572
Eixo  0.9994281 1684 476 1795 588
Eixo  0.9814494 969 492 1048 572
Eixo  0.9999999 1048 476 1160 572
Eixo  0.99953055 1462 492 1541 572
Eixo  0.9994281 1684 476 1795 588
Eixo  0.9814494 969 492 1048 572
Eixo  0.9999999 1048 476 1160 572
Eixo  0.99953055 1462 492 1541 572
Eixo  0.9994281 1684 476 1795 588
Eixo  0.9814494 969 492 1048 572
Eixo  0.9999999 1048 476 1160 572
Eixo  0.99953055 1462 492 1541 572
Eixo  0.9994281 1684 476 1795 588
Eixo  0.9814494 969 492 1048 572
