Eixo  0.9999999 1556 601 1701 746
Eixo  0.9999999 1037 601 1182 746
Eixo  0.99999917 560 601 705 746
Eixo  0.99999785 165 601 331 746
Eixo  0.9999583 352 601 497 746
Eixo  1.0 1556 601 1701 746
Eixo  1.0 352 601 497 746
Eixo  0.9999999 165 601 331 746
Eixo  0.99999976 539 601 705 746
Eixo  0.9999987 1037 601 1182 746
Eixo  0.96869624 1701 601 1804 705
Eixo  0.8708695 892 601 1016 726
Eixo  1.0 1556 601 1701 746
Eixo  1.0 352 601 497 746
Eixo  0.9999999 165 601 331 746
Eixo  0.99999976 539 601 705 746
Eixo  0.9999987 1037 601 1182 746
Eixo  0.96869624 1701 601 1804 705
Eixo  0.8708695 892 601 1016 726
Eixo  1.0 1556 601 1701 746
Eixo  1.0 352 601 497 746
Eixo  0.9999999 165 601 331 746
Eixo  0.99999976 539 601 705 746
Eixo  0.9999987 1037 601 1182 746
Eixo  0.96869624 1701 601 1804 705
Eixo  0.8708695 892 601 1016 726
Eixo  1.0 352 601 518 746
Eixo  1.0 1037 601 1182 746
Eixo  1.0 539 601 705 746
Eixo  0.99999964 165 601 331 746
Eixo  0.99999 1556 601 1721 746
Eixo  0.960036 1721 601 1825 705
Eixo  0.82866114 1203 643 1286 726
Eixo  1.0 352 601 518 746
Eixo  1.0 1037 601 1182 746
Eixo  1.0 539 601 705 746
Eixo  0.99999964 165 601 331 746
Eixo  0.99999 1556 601 1721 746
Eixo  0.960036 1721 601 1825 705
Eixo  0.82866114 1203 643 1286 726
