Eixo  0.99997675 1618 643 1742 746
Eixo  0.999864 975 643 1099 746
Eixo  0.9999999 975 622 1099 746
Eixo  0.99999726 1597 622 1721 726
Eixo  0.9999999 975 622 1099 746
Eixo  0.99999726 1597 622 1721 726
Eixo  0.9999999 975 622 1099 746
Eixo  0.99999726 1597 622 1721 726
Eixo  1.0 975 622 1099 746
Eixo  1.0 1597 643 1721 746
Eixo  0.9978403 1327 643 1410 746
Eixo  0.8217103 1452 643 1535 746
Eixo  1.0 975 622 1099 746
Eixo  1.0 1597 643 1721 746
Eixo  0.9978403 1327 643 1410 746
Eixo  0.8217103 1452 643 1535 746
Eixo  1.0 975 622 1099 746
Eixo  1.0 1597 643 1721 746
Eixo  0.9978403 1327 643 1410 746
Eixo  0.8217103 1452 643 1535 746
Eixo  1.0 975 622 1099 746
Eixo  1.0 1597 643 1721 746
Eixo  0.9978403 1327 643 1410 746
Eixo  0.8217103 1452 643 1535 746
