Eixo  0.99998736 143 476 270 572
Eixo  0.99996233 286 476 397 588
Eixo  0.9999536 1207 460 1335 588
Eixo  0.99898106 1621 476 1732 588
Eixo  0.99999964 158 476 270 572
Eixo  0.99999917 1207 460 1335 588
Eixo  0.999959 286 476 397 572
Eixo  0.9997527 1621 476 1732 588
Eixo  0.99999964 158 476 270 572
Eixo  0.99999917 1207 460 1335 588
Eixo  0.999959 286 476 397 572
Eixo  0.9997527 1621 476 1732 588
Eixo  0.99999964 158 476 270 572
Eixo  0.99999917 1207 460 1335 588
Eixo  0.999959 286 476 397 572
Eixo  0.9997527 1621 476 1732 588
Eixo  0.99999976 1207 460 1335 588
Eixo  0.99999857 158 476 270 572
Eixo  0.999998 286 476 397 572
Eixo  0.9999608 1621 476 1748 588
Eixo  0.99999976 1207 460 1335 588
Eixo  0.99999857 158 476 270 572
Eixo  0.999998 286 476 397 572
Eixo  0.9999608 1621 476 1748 588
