Eixo  0.9999999 1576 601 1721 746
Eixo  0.9999988 622 580 788 746
Eixo  0.9999881 829 601 975 746
Eixo  0.9596989 1224 643 1327 746
Eixo  0.9999999 1576 601 1721 746
Eixo  0.99999976 601 580 767 746
Eixo  0.9999995 829 601 995 767
Eixo  0.84436506 62 373 145 456
Eixo  0.9999999 1576 601 1721 746
Eixo  0.99999976 601 580 767 746
Eixo  0.9999995 829 601 995 767
Eixo  0.84436506 62 373 145 456
Eixo  0.9999999 1576 601 1721 746
Eixo  0.99999976 601 580 767 746
Eixo  0.9999995 829 601 995 767
Eixo  0.84436506 62 373 145 456
Eixo  1.0 829 601 975 767
Eixo  1.0 1576 601 1721 746
Eixo  0.99999917 622 580 809 746
Eixo  1.0 829 601 975 767
Eixo  1.0 1576 601 1721 746
Eixo  0.99999917 622 580 809 746
