Eixo  0.9999932 788 601 933 746
Eixo  0.99994195 1576 601 1721 746
Eixo  0.99896574 601 580 746 746
Eixo  1.0 788 601 933 746
Eixo  0.99996924 601 580 746 746
Eixo  0.999959 1556 601 1701 746
Eixo  1.0 788 601 933 746
Eixo  0.99996924 601 580 746 746
Eixo  0.999959 1556 601 1701 746
Eixo  1.0 788 601 933 746
Eixo  0.99996924 601 580 746 746
Eixo  0.999959 1556 601 1701 746
Eixo  0.9999999 788 601 933 746
Eixo  0.9999993 601 580 746 746
Eixo  0.99963725 1576 601 1721 767
Eixo  0.87181026 186 560 311 705
Eixo  0.9999999 788 601 933 746
Eixo  0.9999993 601 580 746 746
Eixo  0.99963725 1576 601 1721 767
Eixo  0.87181026 186 560 311 705
