Eixo  0.9999989 850 601 1016 746
Eixo  0.9999957 1535 601 1701 746
Eixo  0.99999547 663 601 809 746
Eixo  0.99999964 1535 601 1701 746
Eixo  0.9999988 850 601 1016 746
Eixo  0.9999951 663 601 809 746
Eixo  0.99999964 1535 601 1701 746
Eixo  0.9999988 850 601 1016 746
Eixo  0.9999951 663 601 809 746
Eixo  0.99999964 1535 601 1701 746
Eixo  0.9999988 850 601 1016 746
Eixo  0.9999951 663 601 809 746
Eixo  0.9999999 1535 601 1701 746
Eixo  0.9999974 871 601 1037 746
Eixo  0.999992 663 601 809 746
Eixo  0.811194 456 622 560 746
Eixo  0.9999999 1535 601 1701 746
Eixo  0.9999974 871 601 1037 746
Eixo  0.999992 663 601 809 746
Eixo  0.811194 456 622 560 746
