Eixo  0.9999993 1535 601 1680 746
Eixo  0.99998534 829 601 995 767
Eixo  0.99998343 643 601 809 746
Eixo  0.9999999 1535 601 1680 746
Eixo  0.9999895 829 601 995 746
Eixo  0.9998617 663 601 809 746
Eixo  0.80197245 1410 601 1514 726
Eixo  0.9999999 1535 601 1680 746
Eixo  0.9999895 829 601 995 746
Eixo  0.9998617 663 601 809 746
Eixo  0.80197245 1410 601 1514 726
Eixo  0.9999999 1535 601 1680 746
Eixo  0.9999895 829 601 995 746
Eixo  0.9998617 663 601 809 746
Eixo  0.80197245 1410 601 1514 726
Eixo  1.0 1535 601 1680 746
Eixo  0.9999999 829 601 995 767
Eixo  0.99999845 663 601 809 746
Eixo  0.9746659 1410 601 1535 726
Eixo  0.91695863 414 601 518 726
Eixo  1.0 1535 601 1680 746
Eixo  0.9999999 829 601 995 767
Eixo  0.99999845 663 601 809 746
Eixo  0.9746659 1410 601 1535 726
Eixo  0.91695863 414 601 518 726
Eixo  1.0 1535 601 1680 746
Eixo  0.9999999 829 601 995 767
Eixo  0.99999845 663 601 809 746
Eixo  0.9746659 1410 601 1535 726
Eixo  0.91695863 414 601 518 726
Eixo  1.0 1535 601 1680 746
Eixo  0.9999999 829 601 995 767
Eixo  0.99999845 663 601 809 746
Eixo  0.9746659 1410 601 1535 726
Eixo  0.91695863 414 601 518 726
