Eixo  0.99998903 953 460 1080 588
Eixo  0.999985 1637 476 1748 588
Eixo  0.9999757 1096 460 1223 572
Eixo  0.9999982 953 460 1064 572
Eixo  0.9999554 1096 460 1207 572
Eixo  0.9999312 1637 476 1748 588
Eixo  0.9999982 953 460 1064 572
Eixo  0.9999554 1096 460 1207 572
Eixo  0.9999312 1637 476 1748 588
Eixo  0.9999982 953 460 1064 572
Eixo  0.9999554 1096 460 1207 572
Eixo  0.9999312 1637 476 1748 588
Eixo  0.9999995 1096 460 1207 572
Eixo  0.999998 969 460 1080 572
Eixo  0.99993587 1637 476 1748 588
Eixo  0.9999995 1096 460 1207 572
Eixo  0.999998 969 460 1080 572
Eixo  0.99993587 1637 476 1748 588
