Eixo  0.9989467 1462 536 1610 666
Eixo  0.998287 573 536 721 684
Eixo  0.9999988 1443 536 1591 684
Eixo  0.99999344 573 536 721 684
Eixo  0.9943019 758 536 888 666
Eixo  0.9999988 1443 536 1591 684
Eixo  0.99999344 573 536 721 684
Eixo  0.9943019 758 536 888 666
Eixo  0.9999988 1443 536 1591 684
Eixo  0.99999344 573 536 721 684
Eixo  0.9943019 758 536 888 666
Eixo  0.9999988 1443 536 1591 684
Eixo  0.99999344 573 536 721 684
Eixo  0.9943019 758 536 888 666
Eixo  0.9999969 1443 536 1610 684
Eixo  0.9999919 592 536 740 684
Eixo  0.9982413 758 536 888 666
Eixo  0.9999969 1443 536 1610 684
Eixo  0.9999919 592 536 740 684
Eixo  0.9982413 758 536 888 666
