Eixo  0.99998915 1223 476 1335 588
Eixo  0.99997747 317 460 429 572
Eixo  0.99992096 429 460 556 572
Eixo  0.99979943 1621 476 1748 588
Eixo  0.9992107 556 460 683 572
Eixo  0.9999993 317 460 429 572
Eixo  0.99999774 1223 476 1335 588
Eixo  0.9999969 429 460 540 572
Eixo  0.9999553 556 460 683 572
Eixo  0.9998808 1621 476 1748 588
Eixo  0.9999993 317 460 429 572
Eixo  0.99999774 1223 476 1335 588
Eixo  0.9999969 429 460 540 572
Eixo  0.9999553 556 460 683 572
Eixo  0.9998808 1621 476 1748 588
Eixo  0.9999993 317 460 429 572
Eixo  0.99999774 1223 476 1335 588
Eixo  0.9999969 429 460 540 572
Eixo  0.9999553 556 460 683 572
Eixo  0.9998808 1621 476 1748 588
Eixo  0.9999981 445 460 556 572
Eixo  0.9999976 317 460 429 572
Eixo  0.9999933 1223 476 1335 572
Eixo  0.99990225 556 460 683 572
Eixo  0.99963105 1621 476 1748 588
Eixo  0.9999981 445 460 556 572
Eixo  0.9999976 317 460 429 572
Eixo  0.9999933 1223 476 1335 572
Eixo  0.99990225 556 460 683 572
Eixo  0.99963105 1621 476 1748 588
