Eixo  0.99998534 1064 476 1176 572
Eixo  0.999977 921 476 1033 588
Eixo  0.99937385 1637 476 1748 588
Eixo  0.99999917 1064 476 1176 588
Eixo  0.99999785 921 476 1033 588
Eixo  0.99998665 1637 476 1748 588
Eixo  0.99999917 1064 476 1176 588
Eixo  0.99999785 921 476 1033 588
Eixo  0.99998665 1637 476 1748 588
Eixo  0.99999917 1064 476 1176 588
Eixo  0.99999785 921 476 1033 588
Eixo  0.99998665 1637 476 1748 588
Eixo  1.0 1064 476 1176 588
Eixo  0.9999999 1637 476 1748 588
Eixo  0.99999905 921 476 1033 588
Eixo  1.0 1064 476 1176 588
Eixo  0.9999999 1637 476 1748 588
Eixo  0.99999905 921 476 1033 588
Eixo  1.0 1064 476 1176 588
Eixo  0.9999999 1637 476 1748 588
Eixo  0.99999905 921 476 1033 588
Eixo  1.0 1064 476 1176 588
Eixo  0.9999999 1637 476 1748 588
Eixo  0.99999905 921 476 1033 588
