Eixo  0.9999988 492 460 603 572
Eixo  0.99999774 603 460 715 572
Eixo  0.9999919 365 460 476 572
Eixo  0.9999145 1207 476 1335 588
Eixo  0.99946576 1621 460 1748 588
Eixo  0.9999999 603 460 715 572
Eixo  0.9999999 476 460 603 572
Eixo  0.9999958 365 460 476 572
Eixo  0.9999919 1207 476 1335 572
Eixo  0.9998846 1621 460 1748 572
Eixo  0.9999999 603 460 715 572
Eixo  0.9999999 476 460 603 572
Eixo  0.9999958 365 460 476 572
Eixo  0.9999919 1207 476 1335 572
Eixo  0.9998846 1621 460 1748 572
Eixo  0.9999999 603 460 715 572
Eixo  0.9999999 476 460 603 572
Eixo  0.9999958 365 460 476 572
Eixo  0.9999919 1207 476 1335 572
Eixo  0.9998846 1621 460 1748 572
Eixo  1.0 603 460 715 572
Eixo  1.0 476 460 588 572
Eixo  0.9999999 365 460 476 572
Eixo  0.99999857 1207 476 1319 588
Eixo  0.9997105 1621 476 1732 588
Eixo  0.9748224 858 476 937 572
Eixo  0.80767506 1128 476 1207 556
Eixo  1.0 603 460 715 572
Eixo  1.0 476 460 588 572
Eixo  0.9999999 365 460 476 572
Eixo  0.99999857 1207 476 1319 588
Eixo  0.9997105 1621 476 1732 588
Eixo  0.9748224 858 476 937 572
Eixo  0.80767506 1128 476 1207 556
Eixo  1.0 603 460 715 572
Eixo  1.0 476 460 588 572
Eixo  0.9999999 365 460 476 572
Eixo  0.99999857 1207 476 1319 588
Eixo  0.9997105 1621 476 1732 588
Eixo  0.9748224 858 476 937 572
Eixo  0.80767506 1128 476 1207 556
Eixo  1.0 603 460 715 572
Eixo  1.0 476 460 588 572
Eixo  0.9999999 365 460 476 572
Eixo  0.99999857 1207 476 1319 588
Eixo  0.9997105 1621 476 1732 588
Eixo  0.9748224 858 476 937 572
Eixo  0.80767506 1128 476 1207 556
