Eixo  0.9999876 456 601 622 767
Eixo  0.99998486 1556 601 1721 746
Eixo  0.99997604 1265 601 1431 746
Eixo  0.99995995 643 601 788 746
Eixo  1.0 1556 601 1701 746
Eixo  0.99999976 1265 601 1431 746
Eixo  0.9999982 643 601 788 746
Eixo  0.9999933 456 601 601 746
Eixo  0.87265724 1431 622 1535 726
Eixo  1.0 1556 601 1701 746
Eixo  0.99999976 1265 601 1431 746
Eixo  0.9999982 643 601 788 746
Eixo  0.9999933 456 601 601 746
Eixo  0.87265724 1431 622 1535 726
Eixo  1.0 1556 601 1701 746
Eixo  0.99999976 1265 601 1431 746
Eixo  0.9999982 643 601 788 746
Eixo  0.9999933 456 601 601 746
Eixo  0.87265724 1431 622 1535 726
Eixo  1.0 1556 601 1721 767
Eixo  1.0 1265 601 1431 746
Eixo  1.0 643 601 788 746
Eixo  1.0 456 601 601 746
Eixo  0.999161 1452 601 1556 726
Eixo  0.8352475 1846 414 1908 560
Eixo  1.0 1556 601 1721 767
Eixo  1.0 1265 601 1431 746
Eixo  1.0 643 601 788 746
Eixo  1.0 456 601 601 746
Eixo  0.999161 1452 601 1556 726
Eixo  0.8352475 1846 414 1908 560
Eixo  1.0 1556 601 1721 767
Eixo  1.0 1265 601 1431 746
Eixo  1.0 643 601 788 746
Eixo  1.0 456 601 601 746
Eixo  0.999161 1452 601 1556 726
Eixo  0.8352475 1846 414 1908 560
Eixo  1.0 1556 601 1721 767
Eixo  1.0 1265 601 1431 746
Eixo  1.0 643 601 788 746
Eixo  1.0 456 601 601 746
Eixo  0.999161 1452 601 1556 726
Eixo  0.8352475 1846 414 1908 560
