Eixo  0.99999607 762 460 874 572
Eixo  0.9999945 1398 476 1509 588
Eixo  0.99997556 1621 476 1748 588
Eixo  0.9999485 921 476 1033 588
Eixo  0.9999894 1398 476 1509 588
Eixo  0.9999851 762 460 874 572
Eixo  0.9998977 1621 476 1748 588
Eixo  0.99962914 905 460 1017 572
Eixo  0.8464383 1827 397 1923 476
Eixo  0.9999894 1398 476 1509 588
Eixo  0.9999851 762 460 874 572
Eixo  0.9998977 1621 476 1748 588
Eixo  0.99962914 905 460 1017 572
Eixo  0.8464383 1827 397 1923 476
Eixo  0.9999894 1398 476 1509 588
Eixo  0.9999851 762 460 874 572
Eixo  0.9998977 1621 476 1748 588
Eixo  0.99962914 905 460 1017 572
Eixo  0.8464383 1827 397 1923 476
Eixo  0.9999999 762 460 874 572
Eixo  0.9999999 1621 476 1748 588
Eixo  0.9999994 905 476 1017 588
Eixo  0.99999905 1398 476 1525 588
Eixo  0.9740141 1827 381 1923 476
Eixo  0.9999999 762 460 874 572
Eixo  0.9999999 1621 476 1748 588
Eixo  0.9999994 905 476 1017 588
Eixo  0.99999905 1398 476 1525 588
Eixo  0.9740141 1827 381 1923 476
Eixo  0.9999999 762 460 874 572
Eixo  0.9999999 1621 476 1748 588
Eixo  0.9999994 905 476 1017 588
Eixo  0.99999905 1398 476 1525 588
Eixo  0.9740141 1827 381 1923 476
Eixo  0.9999999 762 460 874 572
Eixo  0.9999999 1621 476 1748 588
Eixo  0.9999994 905 476 1017 588
Eixo  0.99999905 1398 476 1525 588
Eixo  0.9740141 1827 381 1923 476
