Eixo  0.9999989 746 580 912 746
Eixo  0.99999774 1576 601 1721 746
Eixo  0.999984 1701 373 1784 456
Eixo  0.99998057 954 601 1099 746
Eixo  0.9999982 954 601 1099 746
Eixo  0.9999957 1576 601 1721 746
Eixo  0.99998224 746 580 912 746
Eixo  0.9821206 1804 373 1887 456
Eixo  0.96554685 1701 373 1784 456
Eixo  0.9999982 954 601 1099 746
Eixo  0.9999957 1576 601 1721 746
Eixo  0.99998224 746 580 912 746
Eixo  0.9821206 1804 373 1887 456
Eixo  0.96554685 1701 373 1784 456
Eixo  0.9999982 954 601 1099 746
Eixo  0.9999957 1576 601 1721 746
Eixo  0.99998224 746 580 912 746
Eixo  0.9821206 1804 373 1887 456
Eixo  0.96554685 1701 373 1784 456
Eixo  0.9999994 767 580 912 746
Eixo  0.99999654 1576 601 1721 746
Eixo  0.99999094 954 601 1099 746
Eixo  0.99416673 1784 373 1887 456
Eixo  0.86141866 1307 456 1431 580
Eixo  0.9999994 767 580 912 746
Eixo  0.99999654 1576 601 1721 746
Eixo  0.99999094 954 601 1099 746
Eixo  0.99416673 1784 373 1887 456
Eixo  0.86141866 1307 456 1431 580
