Eixo  0.9999999 892 601 1037 746
Eixo  0.9999701 705 601 850 746
Eixo  0.99856275 1638 601 1784 746
Eixo  0.9999999 705 601 850 746
Eixo  0.9999969 892 601 1037 746
Eixo  0.99998057 1638 601 1784 746
Eixo  0.9999999 705 601 850 746
Eixo  0.9999969 892 601 1037 746
Eixo  0.99998057 1638 601 1784 746
Eixo  0.9999999 705 601 850 746
Eixo  0.9999969 892 601 1037 746
Eixo  0.99998057 1638 601 1784 746
Eixo  1.0 705 601 850 746
Eixo  0.9999999 1638 601 1784 746
Eixo  0.9999999 892 601 1037 746
Eixo  1.0 705 601 850 746
Eixo  0.9999999 1638 601 1784 746
Eixo  0.9999999 892 601 1037 746
Eixo  1.0 705 601 850 746
Eixo  0.9999999 1638 601 1784 746
Eixo  0.9999999 892 601 1037 746
Eixo  1.0 705 601 850 746
Eixo  0.9999999 1638 601 1784 746
Eixo  0.9999999 892 601 1037 746
