Eixo  0.99999845 643 601 788 746
Eixo  0.99999356 1576 601 1721 746
Eixo  0.9999727 809 601 975 746
Eixo  0.9999993 829 601 995 746
Eixo  0.9999747 1576 601 1721 746
Eixo  0.9999386 643 601 788 746
Eixo  0.9999993 829 601 995 746
Eixo  0.9999747 1576 601 1721 746
Eixo  0.9999386 643 601 788 746
Eixo  0.9999993 829 601 995 746
Eixo  0.9999747 1576 601 1721 746
Eixo  0.9999386 643 601 788 746
Eixo  1.0 643 601 788 746
Eixo  0.99999666 829 601 975 746
Eixo  0.99976426 1576 601 1721 746
Eixo  1.0 643 601 788 746
Eixo  0.99999666 829 601 975 746
Eixo  0.99976426 1576 601 1721 746
Eixo  1.0 643 601 788 746
Eixo  0.99999666 829 601 975 746
Eixo  0.99976426 1576 601 1721 746
Eixo  1.0 643 601 788 746
Eixo  0.99999666 829 601 975 746
Eixo  0.99976426 1576 601 1721 746
