Eixo  0.99998355 1096 492 1176 572
Eixo  0.99980575 1589 492 1684 588
Eixo  0.9999974 1096 492 1176 572
Eixo  0.9999931 1589 492 1668 588
Eixo  0.85491264 1398 508 1478 572
Eixo  0.9999974 1096 492 1176 572
Eixo  0.9999931 1589 492 1668 588
Eixo  0.85491264 1398 508 1478 572
Eixo  0.9999974 1096 492 1176 572
Eixo  0.9999931 1589 492 1668 588
Eixo  0.85491264 1398 508 1478 572
Eixo  0.9999988 1096 508 1176 588
Eixo  0.9999987 1589 508 1668 588
Eixo  0.9999988 1096 508 1176 588
Eixo  0.9999987 1589 508 1668 588
