Eixo  0.99998975 995 622 1099 746
Eixo  0.9999795 1618 622 1742 746
Eixo  0.99999726 1618 622 1742 746
Eixo  0.99999547 995 622 1120 746
Eixo  0.99999726 1618 622 1742 746
Eixo  0.99999547 995 622 1120 746
Eixo  0.99999726 1618 622 1742 746
Eixo  0.99999547 995 622 1120 746
Eixo  1.0 995 622 1120 746
Eixo  0.9999999 1618 622 1742 746
Eixo  1.0 995 622 1120 746
Eixo  0.9999999 1618 622 1742 746
Eixo  1.0 995 622 1120 746
Eixo  0.9999999 1618 622 1742 746
Eixo  1.0 995 622 1120 746
Eixo  0.9999999 1618 622 1742 746
