Eixo  0.9999999 643 601 788 746
Eixo  0.99999726 456 580 622 746
Eixo  0.9999907 1556 601 1721 746
Eixo  0.9999616 1244 601 1390 746
Eixo  0.9999907 456 560 601 726
Eixo  0.99998486 1244 601 1410 746
Eixo  0.9999813 643 601 788 746
Eixo  0.9999573 1556 601 1742 746
Eixo  0.9999907 456 560 601 726
Eixo  0.99998486 1244 601 1410 746
Eixo  0.9999813 643 601 788 746
Eixo  0.9999573 1556 601 1742 746
Eixo  0.9999907 456 560 601 726
Eixo  0.99998486 1244 601 1410 746
Eixo  0.9999813 643 601 788 746
Eixo  0.9999573 1556 601 1742 746
Eixo  1.0 456 580 601 746
Eixo  1.0 643 601 788 746
Eixo  0.9999999 1244 601 1410 746
Eixo  0.99993014 1556 601 1721 746
Eixo  1.0 456 580 601 746
Eixo  1.0 643 601 788 746
Eixo  0.9999999 1244 601 1410 746
Eixo  0.99993014 1556 601 1721 746
Eixo  1.0 456 580 601 746
Eixo  1.0 643 601 788 746
Eixo  0.9999999 1244 601 1410 746
Eixo  0.99993014 1556 601 1721 746
Eixo  1.0 456 580 601 746
Eixo  1.0 643 601 788 746
Eixo  0.9999999 1244 601 1410 746
Eixo  0.99993014 1556 601 1721 746
