Eixo  0.9999999 684 601 829 746
Eixo  0.99999666 871 601 1037 746
Eixo  0.99997854 1576 601 1721 746
Eixo  1.0 684 601 829 746
Eixo  0.99999976 871 601 1037 746
Eixo  0.99998856 1576 601 1721 746
Eixo  0.93350494 601 643 684 726
Eixo  1.0 684 601 829 746
Eixo  0.99999976 871 601 1037 746
Eixo  0.99998856 1576 601 1721 746
Eixo  0.93350494 601 643 684 726
Eixo  1.0 684 601 829 746
Eixo  0.99999976 871 601 1037 746
Eixo  0.99998856 1576 601 1721 746
Eixo  0.93350494 601 643 684 726
Eixo  1.0 705 601 850 746
Eixo  0.99999964 871 601 1037 746
Eixo  0.99980026 1576 601 1721 746
Eixo  0.8848959 601 643 684 726
Eixo  1.0 705 601 850 746
Eixo  0.99999964 871 601 1037 746
Eixo  0.99980026 1576 601 1721 746
Eixo  0.8848959 601 643 684 726
