Eixo  0.9999958 1406 536 1554 684
Eixo  0.99998283 740 536 888 684
Eixo  0.99996483 555 536 703 684
Eixo  0.99999785 1406 536 1554 684
Eixo  0.9999926 740 536 869 684
Eixo  0.99992347 536 536 684 684
Eixo  0.99999785 1406 536 1554 684
Eixo  0.9999926 740 536 869 684
Eixo  0.99992347 536 536 684 684
Eixo  0.99999785 1406 536 1554 684
Eixo  0.9999926 740 536 869 684
Eixo  0.99992347 536 536 684 684
Eixo  0.99999785 1406 536 1554 684
Eixo  0.9999926 740 536 869 684
Eixo  0.99992347 536 536 684 684
Eixo  0.99999166 1406 536 1554 684
Eixo  0.999985 740 536 869 684
Eixo  0.9999769 536 536 684 684
Eixo  0.99999166 1406 536 1554 684
Eixo  0.999985 740 536 869 684
Eixo  0.9999769 536 536 684 684
