Eixo  0.9999999 1182 643 1286 746
Eixo  0.99999547 1638 643 1763 746
Eixo  0.9999999 1638 622 1763 746
Eixo  0.9998042 1182 643 1286 746
Eixo  0.9999999 1638 622 1763 746
Eixo  0.9998042 1182 643 1286 746
Eixo  0.9999999 1638 622 1763 746
Eixo  0.9998042 1182 643 1286 746
Eixo  1.0 1182 643 1286 746
Eixo  0.9999999 1638 622 1763 746
Eixo  0.94909537 1390 643 1473 726
Eixo  1.0 1182 643 1286 746
Eixo  0.9999999 1638 622 1763 746
Eixo  0.94909537 1390 643 1473 726
Eixo  1.0 1182 643 1286 746
Eixo  0.9999999 1638 622 1763 746
Eixo  0.94909537 1390 643 1473 726
Eixo  1.0 1182 643 1286 746
Eixo  0.9999999 1638 622 1763 746
Eixo  0.94909537 1390 643 1473 726
