Eixo  0.99999785 809 601 954 746
Eixo  0.9999815 1618 601 1763 746
Eixo  0.99999464 1618 601 1763 746
Eixo  0.999987 809 601 954 746
Eixo  0.99999464 1618 601 1763 746
Eixo  0.999987 809 601 954 746
Eixo  0.99999464 1618 601 1763 746
Eixo  0.999987 809 601 954 746
Eixo  1.0 809 601 954 746
Eixo  0.9999244 1618 601 1763 746
Eixo  0.99610573 601 643 684 746
Eixo  1.0 809 601 954 746
Eixo  0.9999244 1618 601 1763 746
Eixo  0.99610573 601 643 684 746
Eixo  1.0 809 601 954 746
Eixo  0.9999244 1618 601 1763 746
Eixo  0.99610573 601 643 684 746
Eixo  1.0 809 601 954 746
Eixo  0.9999244 1618 601 1763 746
Eixo  0.99610573 601 643 684 746
