Eixo  0.99999285 969 476 1080 572
Eixo  0.9999758 1621 476 1732 588
Eixo  0.9983103 1096 476 1207 572
Eixo  0.98125184 1462 492 1541 588
Eixo  0.9999945 1096 476 1207 572
Eixo  0.9999838 1621 476 1732 588
Eixo  0.99978834 969 476 1080 572
Eixo  0.99848807 1462 492 1557 572
Eixo  0.9999945 1096 476 1207 572
Eixo  0.9999838 1621 476 1732 588
Eixo  0.99978834 969 476 1080 572
Eixo  0.99848807 1462 492 1557 572
Eixo  0.9999945 1096 476 1207 572
Eixo  0.9999838 1621 476 1732 588
Eixo  0.99978834 969 476 1080 572
Eixo  0.99848807 1462 492 1557 572
Eixo  0.99999607 1096 476 1207 572
Eixo  0.99998796 1621 476 1732 588
Eixo  0.999948 969 476 1080 572
Eixo  0.98229086 1478 492 1557 572
Eixo  0.99999607 1096 476 1207 572
Eixo  0.99998796 1621 476 1732 588
Eixo  0.999948 969 476 1080 572
Eixo  0.98229086 1478 492 1557 572
