Eixo  1.0 414 601 560 746
Eixo  0.9999994 1037 601 1182 746
Eixo  0.9999939 228 601 394 746
Eixo  0.999992 580 601 746 767
Eixo  0.9997527 1556 601 1721 746
Eixo  1.0 1037 601 1182 746
Eixo  0.9999999 228 601 394 746
Eixo  0.9999995 1556 601 1701 746
Eixo  0.9999987 580 601 746 746
Eixo  0.9999969 414 601 560 746
Eixo  0.84247065 892 601 1016 726
Eixo  1.0 1037 601 1182 746
Eixo  0.9999999 228 601 394 746
Eixo  0.9999995 1556 601 1701 746
Eixo  0.9999987 580 601 746 746
Eixo  0.9999969 414 601 560 746
Eixo  0.84247065 892 601 1016 726
Eixo  1.0 1037 601 1182 746
Eixo  0.9999999 228 601 394 746
Eixo  0.9999995 1556 601 1701 746
Eixo  0.9999987 580 601 746 746
Eixo  0.9999969 414 601 560 746
Eixo  0.84247065 892 601 1016 726
Eixo  1.0 1037 601 1182 746
Eixo  0.9999989 228 601 394 746
Eixo  0.9999987 1556 601 1721 746
Eixo  0.99999285 601 601 767 746
Eixo  0.9999832 414 601 560 746
Eixo  0.81583786 892 622 1016 746
Eixo  1.0 1037 601 1182 746
Eixo  0.9999989 228 601 394 746
Eixo  0.9999987 1556 601 1721 746
Eixo  0.99999285 601 601 767 746
Eixo  0.9999832 414 601 560 746
Eixo  0.81583786 892 622 1016 746
